energy             :real:0:
 -4.8442976478138897E+00
energies           :real:1:2
 -4.8293029910449023E+00 -1.4994656768987185E-02
gradient           :real:2:3,2
  3.1797355757828967E-18  7.4340113773477451E-18 -1.6850669213639150E-02
 -5.3153267613645309E-03 -8.1068788280950363E-02  1.6850669213639150E-02
virial             :real:2:3,3
  0.0000000000000000E+00  0.0000000000000000E+00 -7.5110367336774476E-18
  0.0000000000000000E+00  0.0000000000000000E+00 -1.7560306888124518E-17
 -7.5110367336774476E-18 -1.7560306888124518E-17  7.9607874575878174E-02
